; This is the Calva REPL Window.
; It's just a file, really, with some special treatment from Calva.
; Use it as a REPL input prompt if you like. (When the REPL is connected.)
; TIPS: The keyboard shortcut `ctrl+alt+o r` shows and focuses this window
; Please see https://calva.io/repl-window/ for more info.
; Happy coding! ♥️

; TIPS: As with any Clojure file when the REPL is connected:
; - `alt+enter` evaluates the current top level form.
; - `ctrl+enter` evaluates the current form.
; Special for this file:
; - `alt+up` and `alt+down` traverse up and down the REPL command history
;    when the cursor is after the last contents at the prompt
; 
; See also the Calva Inspector: https://calva.io/inspector/

PLEASE NOTE
We will update the default location of this file.
The new default location will be
  "<projectRootPath>/.calva/repl.calva-repl"
For now the legacy path is used by default.
To give yourself a smooth transition, you can opt in
to the change, by configuring this setting as false:
  "calva.useLegacyReplWindowPath"
and then add "**/.calva/repl.calva-repl" to your ".gitignore" file.


This file is configured as the output destination for all REPL output.
You can configure this with the setting:
  "calva.outputDestinations"


; Jacking in...
; Connecting using "deps.edn + shadow-cljs" project type.
; You can make Calva auto-select this.
;   - See https://calva.io/connect-sequences/
; 

; Starting Jack-in: (cd /Users/e140687/Repos/manifold-experiment; clojure -Sdeps '{:deps {nrepl/nrepl {:mvn/version,"1.1.1"},cider/cider-nrepl {:mvn/version,"0.47.1"}}}' -M:dev -m nrepl.cmdline --middleware "[cider.nrepl/cider-middleware shadow.cljs.devtools.server.nrepl/middleware]")
; Using host:port localhost:50369 ...
; Hooking up nREPL sessions ...
; Connected session: clj
; Evaluating code from settings: 'calva.autoEvaluateCode.onConnect.clj'
nil
clj꞉user꞉> 
; Creating cljs repl session...
; Connecting cljs repl: deps.edn + shadow-cljs...
; Starting cljs repl for: deps.edn + shadow-cljs...
; shadow-cljs - HTTP server available at http://localhost:8080
; [:app] Configuring build.
; [:app] Compiling ...
; [:app] Build completed. (417 files, 2 compiled, 0 warnings, 7.12s)
; Cljs builds started
; Connected session: cljs, repl: :app
; TIPS: You can choose which REPL to use (clj or cljs):
;    *Calva: Toggle REPL connection*
;    (There is a button in the status bar for this)
; Evaluating code from settings: 'calva.autoEvaluateCode.onConnect.cljs'
nil
"Please see https://calva.io/output/#about-stdout-in-the-repl-window
about why stdout printed to this file is prepended with `;` to be line comments."
cljs꞉user꞉> 
; Jack-in done.
cljs꞉user꞉> 
; (matrix-by-rows
;  [1 0 1.4997597826618576e-32]
;  [0 -1 1.2246467991473532e-16]
;  [1.4997597826618576e-32 -1.2246467991473532e-16 -1])
nil
cljs꞉app.subs꞉> 
; (matrix-by-rows
;  [1 0 1.4997597826618576e-32]
;  [0 -1 1.2246467991473532e-16]
;  [1.4997597826618576e-32 -1.2246467991473532e-16 -1])
nil
cljs꞉app.subs꞉> 
; [:app] Compiling ...
; [:app] Build completed. (417 files, 2 compiled, 0 warnings, 0.27s)
; (matrix-by-rows
;  [1 0 1.0305047481203616e-16]
;  [0 -1 -6.616794894533516e-17]
;  [1.0305047481203616e-16 6.616794894533516e-17 -1])
nil
cljs꞉app.subs꞉> 
; [:app] Compiling ...
; [:app] Build completed. (417 files, 2 compiled, 0 warnings, 0.20s)
; (matrix-by-rows
;  [0.2115870608171599 -0.04745317872763746 0.9762064902075782]
;  [-0.5138142166509507 0.8442556319523076 0.15240531055110834]
;  [-0.8313999437467658 -0.5338357647680163 0.15425144988758405])
nil
cljs꞉app.subs꞉> 
; [:app] Compiling ...
; [:app] Build completed. (417 files, 2 compiled, 0 warnings, 0.18s)
; (matrix-by-rows
;  [0.15425144988758405 0.15240531055110834 0.9762064902075782]
;  [-0.9880316240928618 0.02379350979242185 0.15240531055110834]
;  [0 -0.9880316240928618 0.15425144988758405])
nil
cljs꞉app.subs꞉> 
; (matrix-by-rows
;  [0.15425144988758405 0.15240531055110834 0.9762064902075782]
;  [-0.9880316240928618 0.02379350979242185 0.15240531055110834]
;  [0 -0.9880316240928618 0.15425144988758405])
nil
cljs꞉app.subs꞉> 
; [:app] Compiling ...
; [:app] Build completed. (417 files, 2 compiled, 0 warnings, 0.15s)
; [:app] Compiling ...
; [:app] Build completed. (417 files, 2 compiled, 0 warnings, 0.15s)
3.141592653589793
cljs꞉app.subs꞉> 
; [:app] Compiling ...
; [:app] Build completed. (417 files, 2 compiled, 0 warnings, 0.15s)
; [:app] Compiling ...
; [:app] Build completed. (417 files, 2 compiled, 0 warnings, 0.16s)
; (matrix-by-rows
;  [0.15425144988758405 -0.9880316240928618 -1.2099897659016841e-16]
;  [-0.9880316240928618 -0.15425144988758405 -1.8890354436866815e-17]
;  [0 1.2246467991473532e-16 -1])
nil
cljs꞉app.subs꞉> 
; (matrix-by-rows
;  [-1 1.2246467991473532e-16 1.4997597826618576e-32]
;  [1.2246467991473532e-16 1 1.2246467991473532e-16]
;  [0 1.2246467991473532e-16 -1])
nil
cljs꞉app.subs꞉> 
; [:app] Compiling ...
; [:app] Build completed. (417 files, 2 compiled, 0 warnings, 0.19s)
; [:app] Compiling ...
; [:app] Build completed. (417 files, 2 compiled, 0 warnings, 0.17s)
:repl/exception!
; 
; 
; Execution error (Error) at (<cljs repl>:1).
; Assert failed: (check-coordinates this coords)
cljs꞉app.subs꞉> 
:repl/exception!
; 
; 
; Execution error (Error) at (<cljs repl>:1).
; Assert failed: (check-coordinates this coords)
cljs꞉app.subs꞉> 
; [:app] Compiling ...
; [:app] Build completed. (417 files, 2 compiled, 0 warnings, 0.14s)
; (matrix-by-rows
;  [-1 1.2246467991473532e-16 1.4997597826618576e-32]
;  [1.2246467991473532e-16 1 1.2246467991473532e-16]
;  [0 1.2246467991473532e-16 -1])
nil
cljs꞉app.subs꞉> 
; [:app] Compiling ...
; [:app] Build completed. (417 files, 2 compiled, 0 warnings, 0.15s)
:repl/exception!
; 
; 
; Execution error (Error) at (<cljs repl>:1).
; Assert failed: (check-coordinates this coords)
cljs꞉app.subs꞉> 
; [:app] Compiling ...
; [:app] Build completed. (417 files, 2 compiled, 0 warnings, 0.14s)
; [:app] Compiling ...
; [:app] Build completed. (417 files, 2 compiled, 0 warnings, 0.15s)
; [:app] Compiling ...
; [:app] Build failure:
; ------ ERROR -------------------------------------------------------------------
;  File: /Users/e140687/Repos/manifold-experiment/src/app/subs.cljs:28:48
; --------------------------------------------------------------------------------
;   25 | 
;   26 |   m/SO3
;   27 | 
;   28 |   (let [SO3-Point ((m/point m/Euler-angles) (m/))
; ------------------------------------------------------^-------------------------
; app/subs.cljs [line 28, col 48] Invalid symbol: m/.
; 
; --------------------------------------------------------------------------------
;   29 |         SO3-Point-matrix (:spec SO3-Point)]
;   30 |     (emmy/print-expression SO3-Point-matrix)) 
;   31 | 
;   32 | 
; --------------------------------------------------------------------------------
; 
; [:app] Compiling ...
; [:app] Build failure:
; ------ ERROR -------------------------------------------------------------------
;  File: /Users/e140687/Repos/manifold-experiment/src/app/subs.cljs:28:48
; --------------------------------------------------------------------------------
;   25 | 
;   26 |   m/SO3
;   27 | 
;   28 |   (let [SO3-Point ((m/point m/Euler-angles) (m/))
; ------------------------------------------------------^-------------------------
; app/subs.cljs [line 28, col 48] Invalid symbol: m/.
; 
; --------------------------------------------------------------------------------
;   29 |         SO3-Point-matrix (:spec SO3-Point)]
;   30 |     (emmy/print-expression SO3-Point-matrix)) 
;   31 | 
;   32 | 
; --------------------------------------------------------------------------------
; 
; [:app] Compiling ...
; [:app] Build completed. (417 files, 1 compiled, 0 warnings, 0.12s)
; [:app] Compiling ...
; [:app] Build failure:
; ------ ERROR -------------------------------------------------------------------
;  File: /Users/e140687/Repos/manifold-experiment/src/app/subs.cljs:28:53
; --------------------------------------------------------------------------------
;   25 | 
;   26 |   m/SO3
;   27 | 
;   28 |   (let [SO3-Point ((m/point m/Euler-angles) (matrix/))
; -----------------------------------------------------------^--------------------
; app/subs.cljs [line 28, col 53] Invalid symbol: matrix/.
; 
; --------------------------------------------------------------------------------
;   29 |         SO3-Point-matrix (:spec SO3-Point)]
;   30 |     (emmy/print-expression SO3-Point-matrix)) 
;   31 | 
;   32 | 
; --------------------------------------------------------------------------------
; 
; [:app] Compiling ...
; [:app] Build completed. (417 files, 1 compiled, 0 warnings, 0.12s)
; [:app] Compiling ...
; [:app] Build completed. (417 files, 2 compiled, 0 warnings, 0.14s)
:repl/exception!
; 
; 
; Execution error (Error) at (<cljs repl>:1).
; 1 is not ISeqable
cljs꞉app.subs꞉> 
; [:app] Compiling ...
; [:app] Build completed. (417 files, 2 compiled, 0 warnings, 0.12s)
; [:app] Compiling ...
; [:app] Build completed. (417 files, 2 compiled, 0 warnings, 0.13s)
; [:app] Compiling ...
; [:app] Build completed. (417 files, 2 compiled, 0 warnings, 0.17s)
#object[emmy.structure.Matrix "[[1 2 3]]"]
cljs꞉app.subs꞉> 
:repl/exception!
; 
; 
; Execution error (Error) at (<cljs repl>:1).
; Assert failed: (check-coordinates this coords)
cljs꞉app.subs꞉> 
; [:app] Compiling ...
; [:app] Build completed. (417 files, 2 compiled, 0 warnings, 0.15s)
; [:app] Compiling ...
; [:app] Build completed. (417 files, 2 compiled, 0 warnings, 0.14s)
; [:app] Compiling ...
; [:app] Build completed. (417 files, 2 compiled, 0 warnings, 0.14s)
[1 2 3]
cljs꞉app.subs꞉> 
; [:app] Compiling ...
; [:app] Build completed. (417 files, 2 compiled, 0 warnings, 0.13s)
[1 2 3]
cljs꞉app.subs꞉> 
{:type :emmy.calculus.manifold/manifold-point, :spec #object[emmy.structure.Matrix "[[0.34265062124915713 0.545105500010755 0.7651474012342926] [-0.9319277714058105 0.09427489710744621 0.35017548837401463] [0.11874839215823475 -0.833049961066805 0.5403023058681398]]"], :manifold {:family {:over Real, :name-format "SO3", :patch-templates {:Euler-patch {:name :Euler-patch, :coordinate-systems {:Euler #object[emmy$calculus$manifold$__GT_Euler_chart]}}, :alternate-patch {:name :alternate-patch, :coordinate-systems {:alternate #object[emmy$calculus$manifold$__GT_Alternate_chart]}}}, :type :emmy.calculus.manifold/manifold-family}, :name "SO3", :dimension 3, :embedding-dimension 3, :type :emmy.calculus.manifold/manifold}, :coordinate-representations #object[cljs.core.Atom {:val {"ce8c2fa7-918f-47c8-80a4-676e3f0cd30a" [1 2 3]}}]}
cljs꞉app.subs꞉> 
; (matrix-by-rows
;  [0.34265062124915713 0.545105500010755 0.7651474012342926]
;  [-0.9319277714058105 0.09427489710744621 0.35017548837401463]
;  [0.11874839215823475 -0.833049961066805 0.5403023058681398])
nil
cljs꞉app.subs꞉> 
; [:app] Compiling ...
; [:app] Build completed. (417 files, 2 compiled, 0 warnings, 0.13s)
; [:app] Compiling ...
; [:app] Build completed. (417 files, 2 compiled, 0 warnings, 0.14s)
nil
; 
; ------ WARNING - :undeclared-var -----------------------------------------------
;  Resource: <eval>:1:44
;  Use of undeclared Var app.subs/up
; --------------------------------------------------------------------------------
; 
cljs꞉app.subs꞉> 
; [:app] Compiling ...
; [:app] Build completed. (417 files, 2 compiled, 0 warnings, 0.13s)
; [:app] Compiling ...
; [:app] Build completed. (417 files, 2 compiled, 0 warnings, 0.13s)
nil
; 
; ------ WARNING - :undeclared-var -----------------------------------------------
;  Resource: <eval>:1:44
;  Use of undeclared Var emmy.calculus.manifold/up
; --------------------------------------------------------------------------------
; 
cljs꞉app.subs꞉> 
; [:app] Compiling ...
; [:app] Build completed. (417 files, 2 compiled, 0 warnings, 0.12s)
nil
; 
; ------ WARNING - :undeclared-var -----------------------------------------------
;  Resource: <eval>:1:44
;  Use of undeclared Var emmy.calculus.manifold/up
; --------------------------------------------------------------------------------
; 
cljs꞉app.subs꞉> 
; (matrix-by-rows
;  [0.34265062124915713 0.545105500010755 0.7651474012342926]
;  [-0.9319277714058105 0.09427489710744621 0.35017548837401463]
;  [0.11874839215823475 -0.833049961066805 0.5403023058681398])
nil
cljs꞉app.subs꞉> 
; [:app] Compiling ...
; [:app] Build completed. (417 files, 2 compiled, 0 warnings, 0.12s)
; [:app] Compiling ...
; [:app] Build completed. (417 files, 2 compiled, 0 warnings, 0.11s)
; (matrix-by-rows
;  [0.34265062124915713 0.545105500010755 0.7651474012342926]
;  [-0.9319277714058105 0.09427489710744621 0.35017548837401463]
;  [0.11874839215823475 -0.833049961066805 0.5403023058681398])
nil
cljs꞉app.subs꞉> 
; (matrix-by-rows
;  [0.34265062124915713 0.545105500010755 0.7651474012342926]
;  [-0.9319277714058105 0.09427489710744621 0.35017548837401463]
;  [0.11874839215823475 -0.833049961066805 0.5403023058681398])
nil
cljs꞉app.subs꞉> 
; (matrix-by-rows
;  [0.34265062124915713 0.545105500010755 0.7651474012342926]
;  [-0.9319277714058105 0.09427489710744621 0.35017548837401463]
;  [0.11874839215823475 -0.833049961066805 0.5403023058681398])
nil
cljs꞉app.subs꞉> 
; [:app] Compiling ...
; [:app] Build completed. (417 files, 2 compiled, 0 warnings, 0.13s)
; [:app] Compiling ...
; [:app] Build completed. (417 files, 2 compiled, 0 warnings, 0.13s)
; [:app] Compiling ...
; [:app] Build completed. (417 files, 2 compiled, 0 warnings, 0.12s)
; (matrix-by-rows
;  [-0.022096619278683942 -0.022091224165936597 0.9995117394164528]
;  [-0.9997558399011495 0.00048826058354710687 -0.022091224165936597]
;  [0 -0.9997558399011495 -0.022096619278683942])
nil
cljs꞉app.subs꞉> 
; [:app] Compiling ...
; [:app] Build completed. (417 files, 2 compiled, 0 warnings, 0.13s)
; [:app] Compiling ...
; [:app] Build completed. (417 files, 2 compiled, 0 warnings, 0.14s)
; [:app] Compiling ...
; [:app] Build completed. (417 files, 2 compiled, 0 warnings, 0.12s)
:repl/exception!
; 
; 
; Execution error (Error) at (<cljs repl>:1).
; Assert failed: (check-coordinates this coords)
cljs꞉app.subs꞉> 
; (matrix-by-rows
;  [-0.5395502369654376 -0.03402716352224211 -0.841265531169066]
;  [0.03402716352224211 -0.9992479310972977 0.01859366398535933]
;  [-0.841265531169066 -0.01859366398535933 0.5403023058681398])
nil
cljs꞉app.subs꞉> 
; [:app] Compiling ...
; [:app] Build completed. (417 files, 2 compiled, 0 warnings, 0.12s)
; (matrix-by-rows
;  [-0.5395502369654376 -0.03402716352224211 -0.841265531169066]
;  [0.03402716352224211 -0.9992479310972977 0.01859366398535933]
;  [-0.841265531169066 -0.01859366398535933 0.5403023058681398])
nil
cljs꞉app.subs꞉> 
; (matrix-by-rows
;  [-0.022096619278683942 0.5401703856037299 -0.841265531169066]
;  [-0.9997558399011495 -0.011938854348163325 0.01859366398535933]
;  [0 0.8414709848078965 0.5403023058681398])
nil
cljs꞉app.subs꞉> 
; [:app] Compiling ...
; [:app] Build completed. (417 files, 2 compiled, 0 warnings, 0.15s)
; [:app] Compiling ...
; [:app] Build failure:
; ------ ERROR -------------------------------------------------------------------
;  File: /Users/e140687/Repos/manifold-experiment/src/app/db.cljs:5:5
; --------------------------------------------------------------------------------
;    2 | 
;    3 | (def default-db
;    4 |   {:todos (sorted-map-by >)
;    5 |    :})
; -----------^--------------------------------------------------------------------
; app/db.cljs [line 5, col 5] Invalid keyword: :.
; 
; --------------------------------------------------------------------------------
;    6 | 
; --------------------------------------------------------------------------------
; 
; [:app] Compiling ...
; [:app] Build failure:
; ------ ERROR -------------------------------------------------------------------
;  File: /Users/e140687/Repos/manifold-experiment/src/app/db.cljs:5:8
; --------------------------------------------------------------------------------
;    2 | 
;    3 | (def default-db
;    4 |   {:todos (sorted-map-by >)
;    5 |    :cu})
; --------------^-----------------------------------------------------------------
; app/db.cljs [line 5, col 8] The map literal starting with :todos on line 4 column 3 contains 3 form(s). Map literals must contain an even number of forms.
; 
; --------------------------------------------------------------------------------
;    6 | 
; --------------------------------------------------------------------------------
; 
; [:app] Compiling ...
; [:app] Build failure:
; ------ ERROR -------------------------------------------------------------------
;  File: /Users/e140687/Repos/manifold-experiment/src/app/db.cljs:5:22
; --------------------------------------------------------------------------------
;    2 | 
;    3 | (def default-db
;    4 |   {:todos (sorted-map-by >)
;    5 |    :current-rotation})
; ----------------------------^---------------------------------------------------
; app/db.cljs [line 5, col 22] The map literal starting with :todos on line 4 column 3 contains 3 form(s). Map literals must contain an even number of forms.
; 
; --------------------------------------------------------------------------------
;    6 | 
; --------------------------------------------------------------------------------
; 
; [:app] Compiling ...
; [:app] Build completed. (417 files, 1 compiled, 0 warnings, 0.09s)
; [:app] Compiling ...
; [:app] Build completed. (417 files, 2 compiled, 0 warnings, 0.15s)
; [:app] Compiling ...
; [:app] Build completed. (417 files, 2 compiled, 0 warnings, 0.14s)
; [:app] Compiling ...
; [:app] Build completed. (417 files, 1 compiled, 0 warnings, 0.13s)
; [:app] Compiling ...
; [:app] Build completed. (417 files, 1 compiled, 0 warnings, 0.15s)
; [:app] Compiling ...
; [:app] Build completed. (417 files, 1 compiled, 3 warnings, 0.09s)
; 
; ------ WARNING #1 - :undeclared-var --------------------------------------------
;  File: /Users/e140687/Repos/manifold-experiment/src/app/core.cljs:35:74
; --------------------------------------------------------------------------------
;   32 |        ($ :path {:d "M 125 0 L 125 5" :stroke "black" :stroke-width 5})
;   33 |        ($ :path {:d "M 225 0 L 225 5" :stroke "black" :stroke-width 5})
;   34 |        ($ :path {:d "M 325 0 L 325 5" :stroke "black" :stroke-width 5})
;   35 |        ($ :rect {:x (+ 100 x1) :y 10 :width 50 :height 50 :style {:fill (color-fn f1) :stroke-width 3 :stroke "black"}})
; --------------------------------------------------------------------------------^
;  Use of undeclared Var app.core/color-fn
; --------------------------------------------------------------------------------
;   36 |        ($ :rect {:x (+ 200 x2) :y 10 :width 50 :height 50 :style {:fill (color-fn f2) :stroke-width 3 :stroke "black"}})
;   37 |        ($ :rect {:x (+ 300 x3) :y 10 :width 50 :height 50 :style {:fill (color-fn f3) :stroke-width 3 :stroke "black"}})
;   38 |        ($ :text {:x (+ 115 x1) :y 50 :font-family "Montserrat" :font-size 48 :font-weight "Bold"} (gs/format "1"))
;   39 |        ($ :text {:x (+ 215 x2) :y 50 :font-family "Montserrat" :font-size 48 :font-weight "Bold"} (gs/format "2"))
; --------------------------------------------------------------------------------
; 
; ------ WARNING #2 - :undeclared-var --------------------------------------------
;  File: /Users/e140687/Repos/manifold-experiment/src/app/core.cljs:36:74
; --------------------------------------------------------------------------------
;   33 |        ($ :path {:d "M 225 0 L 225 5" :stroke "black" :stroke-width 5})
;   34 |        ($ :path {:d "M 325 0 L 325 5" :stroke "black" :stroke-width 5})
;   35 |        ($ :rect {:x (+ 100 x1) :y 10 :width 50 :height 50 :style {:fill (color-fn f1) :stroke-width 3 :stroke "black"}})
;   36 |        ($ :rect {:x (+ 200 x2) :y 10 :width 50 :height 50 :style {:fill (color-fn f2) :stroke-width 3 :stroke "black"}})
; --------------------------------------------------------------------------------^
;  Use of undeclared Var app.core/color-fn
; --------------------------------------------------------------------------------
;   37 |        ($ :rect {:x (+ 300 x3) :y 10 :width 50 :height 50 :style {:fill (color-fn f3) :stroke-width 3 :stroke "black"}})
;   38 |        ($ :text {:x (+ 115 x1) :y 50 :font-family "Montserrat" :font-size 48 :font-weight "Bold"} (gs/format "1"))
;   39 |        ($ :text {:x (+ 215 x2) :y 50 :font-family "Montserrat" :font-size 48 :font-weight "Bold"} (gs/format "2"))
;   40 |        ($ :text {:x (+ 315 x3) :y 50 :font-family "Montserrat" :font-size 48 :font-weight "Bold"} (gs/format "3"))
; --------------------------------------------------------------------------------
; 
; ------ WARNING #3 - :undeclared-var --------------------------------------------
;  File: /Users/e140687/Repos/manifold-experiment/src/app/core.cljs:37:74
; --------------------------------------------------------------------------------
;   34 |        ($ :path {:d "M 325 0 L 325 5" :stroke "black" :stroke-width 5})
;   35 |        ($ :rect {:x (+ 100 x1) :y 10 :width 50 :height 50 :style {:fill (color-fn f1) :stroke-width 3 :stroke "black"}})
;   36 |        ($ :rect {:x (+ 200 x2) :y 10 :width 50 :height 50 :style {:fill (color-fn f2) :stroke-width 3 :stroke "black"}})
;   37 |        ($ :rect {:x (+ 300 x3) :y 10 :width 50 :height 50 :style {:fill (color-fn f3) :stroke-width 3 :stroke "black"}})
; --------------------------------------------------------------------------------^
;  Use of undeclared Var app.core/color-fn
; --------------------------------------------------------------------------------
;   38 |        ($ :text {:x (+ 115 x1) :y 50 :font-family "Montserrat" :font-size 48 :font-weight "Bold"} (gs/format "1"))
;   39 |        ($ :text {:x (+ 215 x2) :y 50 :font-family "Montserrat" :font-size 48 :font-weight "Bold"} (gs/format "2"))
;   40 |        ($ :text {:x (+ 315 x3) :y 50 :font-family "Montserrat" :font-size 48 :font-weight "Bold"} (gs/format "3"))
;   41 |        ($ :text {:x 102 :y 80 :font-family "Montserrat" :font-size 18} (gs/format "s1 %.1f" x1))
; --------------------------------------------------------------------------------
; [:app] Compiling ...
; [:app] Build failure:
; ------ ERROR -------------------------------------------------------------------
;  File: /Users/e140687/Repos/manifold-experiment/src/app/core.cljs:35:80
; --------------------------------------------------------------------------------
;   32 |        ($ :path {:d "M 125 0 L 125 5" :stroke "black" :stroke-width 5})
;   33 |        ($ :path {:d "M 225 0 L 225 5" :stroke "black" :stroke-width 5})
;   34 |        ($ :path {:d "M 325 0 L 325 5" :stroke "black" :stroke-width 5})
;   35 |        ($ :rect {:x (+ 100 x1) :y 10 :width 50 :height 50 :style {:fill #ffffff :stroke-width 3 :stroke "black"}})
; --------------------------------------------------------------------------------------^
; app/core.cljs [line 35, col 80] No reader function for tag ffffff.
; 
; --------------------------------------------------------------------------------
;   36 |        ($ :rect {:x (+ 200 x2) :y 10 :width 50 :height 50 :style {:fill (color-fn f2) :stroke-width 3 :stroke "black"}})
;   37 |        ($ :rect {:x (+ 300 x3) :y 10 :width 50 :height 50 :style {:fill (color-fn f3) :stroke-width 3 :stroke "black"}})
;   38 |        ($ :text {:x (+ 115 x1) :y 50 :font-family "Montserrat" :font-size 48 :font-weight "Bold"} (gs/format "1"))
;   39 |        ($ :text {:x (+ 215 x2) :y 50 :font-family "Montserrat" :font-size 48 :font-weight "Bold"} (gs/format "2"))
; --------------------------------------------------------------------------------
; 
; [:app] Compiling ...
; [:app] Build failure:
; ------ ERROR -------------------------------------------------------------------
;  File: /Users/e140687/Repos/manifold-experiment/src/app/core.cljs:35:80
; --------------------------------------------------------------------------------
;   32 |        ($ :path {:d "M 125 0 L 125 5" :stroke "black" :stroke-width 5})
;   33 |        ($ :path {:d "M 225 0 L 225 5" :stroke "black" :stroke-width 5})
;   34 |        ($ :path {:d "M 325 0 L 325 5" :stroke "black" :stroke-width 5})
;   35 |        ($ :rect {:x (+ 100 x1) :y 10 :width 50 :height 50 :style {:fill #ffffff :stroke-width 3 :stroke "black"}})
; --------------------------------------------------------------------------------------^
; app/core.cljs [line 35, col 80] No reader function for tag ffffff.
; 
; --------------------------------------------------------------------------------
;   36 |        ($ :rect {:x (+ 200 x2) :y 10 :width 50 :height 50 :style {:fill #ffffff :stroke-width 3 :stroke "black"}})
;   37 |        ($ :rect {:x (+ 300 x3) :y 10 :width 50 :height 50 :style {:fill (color-fn f3) :stroke-width 3 :stroke "black"}})
;   38 |        ($ :text {:x (+ 115 x1) :y 50 :font-family "Montserrat" :font-size 48 :font-weight "Bold"} (gs/format "1"))
;   39 |        ($ :text {:x (+ 215 x2) :y 50 :font-family "Montserrat" :font-size 48 :font-weight "Bold"} (gs/format "2"))
; --------------------------------------------------------------------------------
; 
; [:app] Compiling ...
; [:app] Build failure:
; ------ ERROR -------------------------------------------------------------------
;  File: /Users/e140687/Repos/manifold-experiment/src/app/core.cljs:35:80
; --------------------------------------------------------------------------------
;   32 |        ($ :path {:d "M 125 0 L 125 5" :stroke "black" :stroke-width 5})
;   33 |        ($ :path {:d "M 225 0 L 225 5" :stroke "black" :stroke-width 5})
;   34 |        ($ :path {:d "M 325 0 L 325 5" :stroke "black" :stroke-width 5})
;   35 |        ($ :rect {:x (+ 100 x1) :y 10 :width 50 :height 50 :style {:fill #ffffff :stroke-width 3 :stroke "black"}})
; --------------------------------------------------------------------------------------^
; app/core.cljs [line 35, col 80] No reader function for tag ffffff.
; 
; --------------------------------------------------------------------------------
;   36 |        ($ :rect {:x (+ 200 x2) :y 10 :width 50 :height 50 :style {:fill #ffffff :stroke-width 3 :stroke "black"}})
;   37 |        ($ :rect {:x (+ 300 x3) :y 10 :width 50 :height 50 :style {:fill #ffffff :stroke-width 3 :stroke "black"}})
;   38 |        ($ :text {:x (+ 115 x1) :y 50 :font-family "Montserrat" :font-size 48 :font-weight "Bold"} (gs/format "1"))
;   39 |        ($ :text {:x (+ 215 x2) :y 50 :font-family "Montserrat" :font-size 48 :font-weight "Bold"} (gs/format "2"))
; --------------------------------------------------------------------------------
; 
; [:app] Compiling ...
; [:app] Build failure:
; ------ ERROR -------------------------------------------------------------------
;  File: /Users/e140687/Repos/manifold-experiment/src/app/core.cljs:35:115
; --------------------------------------------------------------------------------
;   32 |        ($ :path {:d "M 125 0 L 125 5" :stroke "black" :stroke-width 5})
;   33 |        ($ :path {:d "M 225 0 L 225 5" :stroke "black" :stroke-width 5})
;   34 |        ($ :path {:d "M 325 0 L 325 5" :stroke "black" :stroke-width 5})
;   35 |        ($ :rect {:x (+ 100 x1) :y 10 :width 50 :height 50 :style {:fill "#ffffff :stroke-width" 3 :stroke "black"}})
; -------------------------------------------------------------------------------------------------------------------------^
; app/core.cljs [line 35, col 115] The map literal starting with :fill on line 35 column 66 contains 5 form(s). Map literals must contain an even number of forms.
; 
; --------------------------------------------------------------------------------
;   36 |        ($ :rect {:x (+ 200 x2) :y 10 :width 50 :height 50 :style {:fill #ffffff :stroke-width 3 :stroke "black"}})
;   37 |        ($ :rect {:x (+ 300 x3) :y 10 :width 50 :height 50 :style {:fill #ffffff :stroke-width 3 :stroke "black"}})
;   38 |        ($ :text {:x (+ 115 x1) :y 50 :font-family "Montserrat" :font-size 48 :font-weight "Bold"} (gs/format "1"))
;   39 |        ($ :text {:x (+ 215 x2) :y 50 :font-family "Montserrat" :font-size 48 :font-weight "Bold"} (gs/format "2"))
; --------------------------------------------------------------------------------
; 
; [:app] Compiling ...
; [:app] Build failure:
; ------ ERROR -------------------------------------------------------------------
;  File: /Users/e140687/Repos/manifold-experiment/src/app/core.cljs:35:116
; --------------------------------------------------------------------------------
;   32 |        ($ :path {:d "M 125 0 L 125 5" :stroke "black" :stroke-width 5})
;   33 |        ($ :path {:d "M 225 0 L 225 5" :stroke "black" :stroke-width 5})
;   34 |        ($ :path {:d "M 325 0 L 325 5" :stroke "black" :stroke-width 5})
;   35 |        ($ :rect {:x (+ 100 x1) :y 10 :width 50 :height 50 :style {:fill " #ffffff :stroke-width" 3 :stroke "black"}})
; --------------------------------------------------------------------------------------------------------------------------^
; app/core.cljs [line 35, col 116] The map literal starting with :fill on line 35 column 66 contains 5 form(s). Map literals must contain an even number of forms.
; 
; --------------------------------------------------------------------------------
;   36 |        ($ :rect {:x (+ 200 x2) :y 10 :width 50 :height 50 :style {:fill #ffffff :stroke-width 3 :stroke "black"}})
;   37 |        ($ :rect {:x (+ 300 x3) :y 10 :width 50 :height 50 :style {:fill #ffffff :stroke-width 3 :stroke "black"}})
;   38 |        ($ :text {:x (+ 115 x1) :y 50 :font-family "Montserrat" :font-size 48 :font-weight "Bold"} (gs/format "1"))
;   39 |        ($ :text {:x (+ 215 x2) :y 50 :font-family "Montserrat" :font-size 48 :font-weight "Bold"} (gs/format "2"))
; --------------------------------------------------------------------------------
; 
; [:app] Compiling ...
; [:app] Build failure:
; ------ ERROR -------------------------------------------------------------------
;  File: /Users/e140687/Repos/manifold-experiment/src/app/core.cljs:35:82
; --------------------------------------------------------------------------------
;   32 |        ($ :path {:d "M 125 0 L 125 5" :stroke "black" :stroke-width 5})
;   33 |        ($ :path {:d "M 225 0 L 225 5" :stroke "black" :stroke-width 5})
;   34 |        ($ :path {:d "M 325 0 L 325 5" :stroke "black" :stroke-width 5})
;   35 |        ($ :rect {:x (+ 100 x1) :y 10 :width 50 :height 50 :style {:fill ""#ffffff :stroke-width 3 :stroke "black"}})
; ----------------------------------------------------------------------------------------^
; app/core.cljs [line 35, col 82] No reader function for tag ffffff.
; 
; --------------------------------------------------------------------------------
;   36 |        ($ :rect {:x (+ 200 x2) :y 10 :width 50 :height 50 :style {:fill #ffffff :stroke-width 3 :stroke "black"}})
;   37 |        ($ :rect {:x (+ 300 x3) :y 10 :width 50 :height 50 :style {:fill #ffffff :stroke-width 3 :stroke "black"}})
;   38 |        ($ :text {:x (+ 115 x1) :y 50 :font-family "Montserrat" :font-size 48 :font-weight "Bold"} (gs/format "1"))
;   39 |        ($ :text {:x (+ 215 x2) :y 50 :font-family "Montserrat" :font-size 48 :font-weight "Bold"} (gs/format "2"))
; --------------------------------------------------------------------------------
; 
; [:app] Compiling ...
; [:app] Build failure:
; ------ ERROR -------------------------------------------------------------------
;  File: /Users/e140687/Repos/manifold-experiment/src/app/core.cljs:35:82
; --------------------------------------------------------------------------------
;   32 |        ($ :path {:d "M 125 0 L 125 5" :stroke "black" :stroke-width 5})
;   33 |        ($ :path {:d "M 225 0 L 225 5" :stroke "black" :stroke-width 5})
;   34 |        ($ :path {:d "M 325 0 L 325 5" :stroke "black" :stroke-width 5})
;   35 |        ($ :rect {:x (+ 100 x1) :y 10 :width 50 :height 50 :style {:fill ""#ffffff :stroke-width 3 :stroke "black"}})
; ----------------------------------------------------------------------------------------^
; app/core.cljs [line 35, col 82] No reader function for tag ffffff.
; 
; --------------------------------------------------------------------------------
;   36 |        ($ :rect {:x (+ 200 x2) :y 10 :width 50 :height 50 :style {:fill #ffffff :stroke-width 3 :stroke "black"}})
;   37 |        ($ :rect {:x (+ 300 x3) :y 10 :width 50 :height 50 :style {:fill #ffffff :stroke-width 3 :stroke "black"}})
;   38 |        ($ :text {:x (+ 115 x1) :y 50 :font-family "Montserrat" :font-size 48 :font-weight "Bold"} (gs/format "1"))
;   39 |        ($ :text {:x (+ 215 x2) :y 50 :font-family "Montserrat" :font-size 48 :font-weight "Bold"} (gs/format "2"))
; --------------------------------------------------------------------------------
; 
; [:app] Compiling ...
; [:app] Build failure:
; ------ ERROR -------------------------------------------------------------------
;  File: /Users/e140687/Repos/manifold-experiment/src/app/core.cljs:35:116
; --------------------------------------------------------------------------------
;   32 |        ($ :path {:d "M 125 0 L 125 5" :stroke "black" :stroke-width 5})
;   33 |        ($ :path {:d "M 225 0 L 225 5" :stroke "black" :stroke-width 5})
;   34 |        ($ :path {:d "M 325 0 L 325 5" :stroke "black" :stroke-width 5})
;   35 |        ($ :rect {:x (+ 100 x1) :y 10 :width 50 :height 50 :style {:fill " #ffffff :stroke-width" 3 :stroke "black"}})
; --------------------------------------------------------------------------------------------------------------------------^
; app/core.cljs [line 35, col 116] The map literal starting with :fill on line 35 column 66 contains 5 form(s). Map literals must contain an even number of forms.
; 
; --------------------------------------------------------------------------------
;   36 |        ($ :rect {:x (+ 200 x2) :y 10 :width 50 :height 50 :style {:fill #ffffff :stroke-width 3 :stroke "black"}})
;   37 |        ($ :rect {:x (+ 300 x3) :y 10 :width 50 :height 50 :style {:fill #ffffff :stroke-width 3 :stroke "black"}})
;   38 |        ($ :text {:x (+ 115 x1) :y 50 :font-family "Montserrat" :font-size 48 :font-weight "Bold"} (gs/format "1"))
;   39 |        ($ :text {:x (+ 215 x2) :y 50 :font-family "Montserrat" :font-size 48 :font-weight "Bold"} (gs/format "2"))
; --------------------------------------------------------------------------------
; 
; [:app] Compiling ...
; [:app] Build failure:
; ------ ERROR -------------------------------------------------------------------
;  File: /Users/e140687/Repos/manifold-experiment/src/app/core.cljs:35:82
; --------------------------------------------------------------------------------
;   32 |        ($ :path {:d "M 125 0 L 125 5" :stroke "black" :stroke-width 5})
;   33 |        ($ :path {:d "M 225 0 L 225 5" :stroke "black" :stroke-width 5})
;   34 |        ($ :path {:d "M 325 0 L 325 5" :stroke "black" :stroke-width 5})
;   35 |        ($ :rect {:x (+ 100 x1) :y 10 :width 50 :height 50 :style {:fill ""#ffffff :stroke-width 3 :stroke "black"}})
; ----------------------------------------------------------------------------------------^
; app/core.cljs [line 35, col 82] No reader function for tag ffffff.
; 
; --------------------------------------------------------------------------------
;   36 |        ($ :rect {:x (+ 200 x2) :y 10 :width 50 :height 50 :style {:fill #ffffff :stroke-width 3 :stroke "black"}})
;   37 |        ($ :rect {:x (+ 300 x3) :y 10 :width 50 :height 50 :style {:fill #ffffff :stroke-width 3 :stroke "black"}})
;   38 |        ($ :text {:x (+ 115 x1) :y 50 :font-family "Montserrat" :font-size 48 :font-weight "Bold"} (gs/format "1"))
;   39 |        ($ :text {:x (+ 215 x2) :y 50 :font-family "Montserrat" :font-size 48 :font-weight "Bold"} (gs/format "2"))
; --------------------------------------------------------------------------------
; 
; [:app] Compiling ...
; [:app] Build failure:
; ------ ERROR -------------------------------------------------------------------
;  File: /Users/e140687/Repos/manifold-experiment/src/app/core.cljs:35:80
; --------------------------------------------------------------------------------
;   32 |        ($ :path {:d "M 125 0 L 125 5" :stroke "black" :stroke-width 5})
;   33 |        ($ :path {:d "M 225 0 L 225 5" :stroke "black" :stroke-width 5})
;   34 |        ($ :path {:d "M 325 0 L 325 5" :stroke "black" :stroke-width 5})
;   35 |        ($ :rect {:x (+ 100 x1) :y 10 :width 50 :height 50 :style {:fill #ffffff :stroke-width 3 :stroke "black"}})
; --------------------------------------------------------------------------------------^
; app/core.cljs [line 35, col 80] No reader function for tag ffffff.
; 
; --------------------------------------------------------------------------------
;   36 |        ($ :rect {:x (+ 200 x2) :y 10 :width 50 :height 50 :style {:fill #ffffff :stroke-width 3 :stroke "black"}})
;   37 |        ($ :rect {:x (+ 300 x3) :y 10 :width 50 :height 50 :style {:fill #ffffff :stroke-width 3 :stroke "black"}})
;   38 |        ($ :text {:x (+ 115 x1) :y 50 :font-family "Montserrat" :font-size 48 :font-weight "Bold"} (gs/format "1"))
;   39 |        ($ :text {:x (+ 215 x2) :y 50 :font-family "Montserrat" :font-size 48 :font-weight "Bold"} (gs/format "2"))
; --------------------------------------------------------------------------------
; 
; [:app] Compiling ...
; [:app] Build failure:
; ------ ERROR -------------------------------------------------------------------
;  File: /Users/e140687/Repos/manifold-experiment/src/app/core.cljs:36:80
; --------------------------------------------------------------------------------
;   33 |        ($ :path {:d "M 225 0 L 225 5" :stroke "black" :stroke-width 5})
;   34 |        ($ :path {:d "M 325 0 L 325 5" :stroke "black" :stroke-width 5})
;   35 |        ($ :rect {:x (+ 100 x1) :y 10 :width 50 :height 50 :style {:fill ffffff :stroke-width 3 :stroke "black"}})
;   36 |        ($ :rect {:x (+ 200 x2) :y 10 :width 50 :height 50 :style {:fill #ffffff :stroke-width 3 :stroke "black"}})
; --------------------------------------------------------------------------------------^
; app/core.cljs [line 36, col 80] No reader function for tag ffffff.
; 
; --------------------------------------------------------------------------------
;   37 |        ($ :rect {:x (+ 300 x3) :y 10 :width 50 :height 50 :style {:fill #ffffff :stroke-width 3 :stroke "black"}})
;   38 |        ($ :text {:x (+ 115 x1) :y 50 :font-family "Montserrat" :font-size 48 :font-weight "Bold"} (gs/format "1"))
;   39 |        ($ :text {:x (+ 215 x2) :y 50 :font-family "Montserrat" :font-size 48 :font-weight "Bold"} (gs/format "2"))
;   40 |        ($ :text {:x (+ 315 x3) :y 50 :font-family "Montserrat" :font-size 48 :font-weight "Bold"} (gs/format "3"))
; --------------------------------------------------------------------------------
; 
; [:app] Compiling ...
; [:app] Build failure:
; ------ ERROR -------------------------------------------------------------------
;  File: /Users/e140687/Repos/manifold-experiment/src/app/core.cljs:35:114
; --------------------------------------------------------------------------------
;   32 |        ($ :path {:d "M 125 0 L 125 5" :stroke "black" :stroke-width 5})
;   33 |        ($ :path {:d "M 225 0 L 225 5" :stroke "black" :stroke-width 5})
;   34 |        ($ :path {:d "M 325 0 L 325 5" :stroke "black" :stroke-width 5})
;   35 |        ($ :rect {:x (+ 100 x1) :y 10 :width 50 :height 50 :style {:fill ""ffffff :stroke-width 3 :stroke "black"}})
; ------------------------------------------------------------------------------------------------------------------------^
; app/core.cljs [line 35, col 114] The map literal starting with :fill on line 35 column 66 contains 7 form(s). Map literals must contain an even number of forms.
; 
; --------------------------------------------------------------------------------
